114
Wrocław
17.141125
51.115933
117
Wrocław
17.029250
51.129378
129
Wrocław
17.012689
51.086225
52
Legnica
16.180513
51.204503
109
Wałbrzych
16.269677
50.768729
14
Działoszyn
14.941319
50.972167
16
Dzierżoniów
16.648050
50.732817
38
Kłodzko
16.653660
50.433493
70
Oława
17.291333
50.942073
74
Osieczów
15.431719
51.317630
84
Karpacz
15.739722
50.736389
132
Ząbkowice Śląskie
16.819786
50.592325
134
Zgorzelec
15.008175
51.150391
9153
Jelenia Góra
15.765608
50.913433
10133
Środa Śląska
16.597559
51.166236
10135
Kamienna Góra
16.035122
50.788079
11254
Nowa Ruda
16.498245
50.581492
11414
Lubań
15.275539
51.119011
158
Bydgoszcz
17.995708
53.134083
16197
Świebodzin
15.527571
52.245444
295
Łódź
19.529786
51.758050
296
Łódź
19.450900
51.775411
314
Pabianice
19.368683
51.667981
355
Zgierz
19.421231
51.856692
10058
Łódź
19.434925
51.754613
291
Gajew
19.233225
52.143250
319
Parzniewice
19.517556
51.291175
322
Piotrków Trybunalski
19.696956
51.404406
331
Radomsko
19.448694
51.067439
562
Żyrardów
20.429892
52.053811
9913
Guty Duże
21.288167
52.943172
10434
Konstancin-Jeziorna
21.111186
52.080625
10974
Mińsk Mazowiecki
21.560968
52.178766
11358
Biała
19.645100
52.602534
590
Opole
17.950278
50.676856
10374
Opole
17.899137
50.666736
584
Olesno
18.416878
50.876983
600
Zdzieszowice
18.120739
50.423533
8976
Nysa
17.331906
50.458989
11399
Prudnik
17.591909
50.320858
16181
Strzelce Opolskie
18.288206
50.509334
671
Rzeszów
22.010575
50.024242
10125
Rzeszów
22.004656
50.040675
631
Jarosław
22.674772
50.012083
638
Jasło
21.454617
49.744886
646
Krosno
21.749700
49.690169
659
Nisko
22.112467
50.529892
665
Przemyśl
22.756239
49.784339
870
Gołdap
22.307681
54.305908
882
Diabla Góra
22.038056
54.124819
10005
Ełk
22.348450
53.828455
10030
Ostróda
19.968892
53.694628
11375
Biskupiec
20.957892
53.860702
943
Poznań
16.959519
52.398175
944
Poznań
16.877289
52.420319
11477
Poznań
16.998578
52.391728
952
Kalisz
18.048389
51.749053
902
Konin
18.269036
52.225633
920
Piła
16.759572
53.154408
946
Krzyżówka
17.773464
52.501389
950
Borówiec
17.074114
52.276794
9218
Pleszew
17.791106
51.884922
10834
Koziegłowy
16.999683
52.449331
986
Szczecin
14.663347
53.380975
987
Szczecin
14.553900
53.432169
966
Koszalin
16.172544
54.193986
11336
Koszalin
16.211661
54.194117
961
Widuchowa
14.382222
53.122325
983
Szczecinek
16.704572
53.698900
16157
Połczyn-Zdrój
16.089289
53.755719
11514
Chojnice
17.546811
53.699954
805
Dąbrowa Górnicza
19.231222
50.329111
809
Gliwice
18.655736
50.279481
813
Katowice
19.019469
50.246795
814
Katowice
18.975028
50.264611
837
Sosnowiec
19.184399
50.285956
841
Tychy
18.990236
50.099903
848
Zabrze
18.772375
50.3165
834
Rybnik
18.516139
50.111181
10554
Żory
18.689527
50.029416
789
Bielsko-Biała
19.027318
49.813464
10158
Bielsko-Biała
19.048610
49.802075
798
Częstochowa
19.118997
50.817217
800
Częstochowa
19.130111
50.836389
842
Ustroń
18.826722
49.719731
845
Wodzisław Śląski
18.455548
50.007629
853
Złoty Potok
19.458797
50.710889
856
Żywiec
19.234446
49.671602
9000
Czerwionka-Leszczyny
18.659977
50.16385
11278
Lubliniec
18.682065
50.675693
11455
Zawiercie
19.439012
50.493045
11457
Goczałkowice-Zdrój
18.975594
49.937850
11794
Racibórz
18.216261
50.091142
11195
Kielce
20.633692
50.878998
769
Nowiny
20.533506
50.823108
778
Połaniec
21.277367
50.429014
785
Starachowice
21.084175
51.050611
10444
Ostrowiec Świętokrzyski
21.394492
50.946703
10794
Małogoszcz
20.266099
50.809563
11754
Gołuchów
20.614057
50.621482
11955
Jędrzejów
20.284885
50.643673
877
Olsztyn
20.486075
53.789233
861
Elbląg
19.410942
54.167847
11616
Kutno
19.353742
52.231728
400
Kraków
19.926189
50.057678
401
Kraków
19.949189
50.010575
402
Kraków
20.053492
50.069308
10121
Kraków
19.946008
50.057447
10123
Kraków
19.895358
50.081197
10139
Kraków
20.018269
50.098508
10447
Kraków
20.122561
50.100569
11303
Kraków
19.936792
49.991442
444
Tarnów
21.004167
50.020169
10120
Tarnów
20.992578
50.018253
426
Nowy Sącz
20.714403
49.619281
9173
Dębica
21.416256
50.054786
9175
Krempna
21.498606
49.511297
10414
Rymanów-Zdrój
21.851006
49.546539
10438
Mielec
21.440942
50.299128
12045
Polańczyk
22.439453
49.374208
605
Białystok
23.155869
53.126689
609
Białystok
23.181744
53.129306
612
Borsukowizna
23.642153
53.215492
618
Łomża
22.054381
53.181394
9994
Grajewo
22.470274
53.639793
11154
Suwałki
22.938750
54.116056
11916
Augustów
22.984611
53.852639
729
Gdańsk
18.635283
54.353336
731
Gdańsk
18.657497
54.400833
732
Gdynia
18.493331
54.560836
734
Sopot
18.579722
54.431667
736
Gdańsk
18.620274
54.380279
738
Gdynia
18.464911
54.465758
725
Słupsk
17.046722
54.463611
740
Kościerzyna
17.975861
54.120694
741
Malbork
19.032899
54.031247
742
Lębork
17.746194
54.546167
743
Liniewko Kościerskie
18.182972
54.104111
750
Łeba
17.534528
54.754139
437
Skawina
19.830422
49.971047
443
Szymbark
21.116833
49.633714
449
Trzebinia
19.477464
50.159406
459
Zakopane
19.960083
49.293564
9179
Szarów
20.259167
50.007500
10119
Kaszów
19.726833
50.025028
10124
Sucha Beskidzka
19.600339
49.743131
10254
Nowy Targ
20.028992
49.483597
10446
Rabka-Zdrój
19.966008
49.608647
10814
Oświęcim
19.245275
50.033083
11280
Krynica-Zdrój
20.956147
49.416978
11301
Olkusz
19.564044
50.284000
11314
Skawina
19.839572
49.983361
11434
Zabierzów
19.800639
50.116028
530
Warszawa
21.004724
52.219298
531
Warszawa
20.962156
52.280939
538
Warszawa
20.933018
52.285073
550
Warszawa
21.033819
52.160772
552
Warszawa
21.042458
52.290864
10955
Warszawa
20.906073
52.207742
10956
Warszawa
21.176233
52.188474
497
Płock
19.687672
52.556279
501
Płock
19.709791
52.550938
515
Radom
21.147474
51.399084
460
Belsk Duży
20.791556
51.835120
466
Granica
20.454653
52.285858
471
Legionowo
20.955928
52.407578
485
Otwock
21.237297
52.115725
488
Piastów
20.837489
52.191728
517
Siedlce
22.282001
52.172145
9778
Chełmno
18.447498
53.351975
266
Lublin
22.569133
51.259431
236
Biała Podlaska
23.149389
52.029194
248
Jarczew
21.972375
51.814367
282
Wilczopole
22.598608
51.163542
285
Zamość
23.290247
50.716628
9593
Puławy
21.961089
51.419047
10874
Florianka
22.982861
50.551894
11360
Chełm
23.472870
51.122190
12098
Krasnobród
23.197317
50.549297
361
Gorzów Wielkopolski
15.228667
52.738214
387
Zielona Góra
15.518861
51.939783
374
Smolary Bytnickie
15.206667
52.172222
376
Sulęcin
15.122444
52.437722
379
Wschowa
16.317500
51.799722
382
Żary
15.127808
51.642656
145
Toruń
18.606203
53.012261
206
Toruń
18.666103
53.028647
208
Toruń
18.612808
53.017628
225
Włocławek
19.059314
52.658467
9791
Włocławek
19.044486
52.637394
142
Grudziądz
18.762139
53.493550
143
Inowrocław
18.241044
52.793122
164
Ciechocinek
18.780908
52.888422
190
Koniczynka
18.684258
53.080647
232
Zielonka
17.934017
53.662117
